lastAccountName: Transcois
timestamps:
  login: 1617378778743
  logout: 1617379873786
ipAddress: 187.198.255.65
lastlocation:
  world: Hubsito
  x: -4.563735542216349
  y: 63.0
  z: -1.7159504240381322
  yaw: -180.77884
  pitch: -0.15000688
logoutlocation:
  world: Hubsito
  x: -3.8599922597866327
  y: 63.0
  z: -30.063482485645107
  yaw: -176.72888
  pitch: 2.5499933
