lastAccountName: JUAN_HDEZ
timestamps:
  login: 1617114088476
  logout: 1617114094296
ipAddress: 83.43.188.87
lastlocation:
  world: Hubsito
  x: -4.563735542216349
  y: 63.0
  z: -1.7159504240381322
  yaw: -180.77884
  pitch: -0.15000688
logoutlocation:
  world: Hubsito
  x: -6.61883176095205
  y: 64.24918707874468
  z: -15.19752266326216
  yaw: -214.97885
  pitch: 26.099993
