lastAccountName: Luuucho
timestamps:
  login: 1617379214988
  logout: 1617379222290
ipAddress: 213.194.155.50
lastlocation:
  world: Hubsito
  x: -4.563735542216349
  y: 63.0
  z: -1.7159504240381322
  yaw: -180.77884
  pitch: -0.15000688
logoutlocation:
  world: Hubsito
  x: -4.3486321065244224
  y: 63.0625
  z: -5.729805205475543
  yaw: -173.8789
  pitch: 7.7999926
