lastAccountName: fire_stick01user
timestamps:
  login: 1617447401437
  logout: 1617447429141
ipAddress: 217.217.49.83
lastlocation:
  world: Hubsito
  x: -4.563735542216349
  y: 63.0
  z: -1.7159504240381322
  yaw: -180.77884
  pitch: -0.15000688
logoutlocation:
  world: Hubsito
  x: -9.35437833314274
  y: 63.5
  z: -51.99479293283906
  yaw: -150.92891
  pitch: 10.605121
