lastAccountName: Divector
timestamps:
  login: 1617382205208
  logout: 1617382278368
ipAddress: 190.113.101.155
lastlocation:
  world: Hubsito
  x: -4.563735542216349
  y: 63.0
  z: -1.7159504240381322
  yaw: -180.77884
  pitch: -0.15000688
logoutlocation:
  world: Hubsito
  x: -19.358259297923667
  y: 63.0
  z: -41.69932851287062
  yaw: 176.00414
  pitch: 49.774536
