lastAccountName: CRASHDAVID274
timestamps:
  login: 1617407760888
  logout: 1617407763861
ipAddress: 190.84.119.91
lastlocation:
  world: Hubsito
  x: -4.563735542216349
  y: 63.0
  z: -1.7159504240381322
  yaw: -180.77884
  pitch: -0.15000688
logoutlocation:
  world: Hubsito
  x: -4.603302605916928
  y: 63.0
  z: -2.5483044284729957
  yaw: -184.71123
  pitch: -2.41
