lastAccountName: WindyNotFound
timestamps:
  login: 1617460266614
  logout: 1617460270239
ipAddress: 85.60.212.50
lastlocation:
  world: Hubsito
  x: -3.3758453068126495
  y: 63.5
  z: -2.9448567306876705
  yaw: -181.5662
  pitch: -0.7405242
logoutlocation:
  world: Hubsito
  x: -4.563735542216349
  y: 63.0
  z: -1.715950424038132
  yaw: -180.77884
  pitch: -0.15000688
