lastAccountName: ImNaudi_YT
timestamps:
  login: 1617451740211
  logout: 1617451749677
ipAddress: 186.11.20.33
lastlocation:
  world: Hubsito
  x: -4.563735542216349
  y: 63.0
  z: -1.7159504240381322
  yaw: -180.77884
  pitch: -0.15000688
logoutlocation:
  world: Hubsito
  x: -4.509628574925485
  y: 63.0625
  z: -5.808349985805692
  yaw: -179.27682
  pitch: 21.052578
