lastAccountName: zapallito535pro
timestamps:
  login: 1617394267052
  logout: 1617394269956
ipAddress: 190.16.91.38
lastlocation:
  world: Hubsito
  x: -4.563735542216349
  y: 63.0
  z: -1.7159504240381322
  yaw: -180.77884
  pitch: -0.15000688
logoutlocation:
  world: Hubsito
  x: -5.522496144454436
  y: 63.5
  z: -1.7108994587007
  yaw: -180.77884
  pitch: -0.15000688
