lastAccountName: juanibpro
timestamps:
  login: 1617394147521
  logout: 1617394155324
ipAddress: 190.11.60.97
lastlocation:
  world: Hubsito
  x: -4.563735542216349
  y: 63.0
  z: -1.7159504240381322
  yaw: -180.77884
  pitch: -0.15000688
logoutlocation:
  world: Hubsito
  x: -4.598010445604344
  y: 63.0
  z: -7.966430546681553
  yaw: -180.77884
  pitch: -0.15000688
