lastAccountName: xxkakunxx
timestamps:
  login: 1617460073679
  logout: 1617460117996
ipAddress: 186.141.230.146
lastlocation:
  world: Hubsito
  x: -4.563735542216349
  y: 63.0
  z: -1.7159504240381322
  yaw: -180.77884
  pitch: -0.15000688
logoutlocation:
  world: Hubsito
  x: -4.528176225701357
  y: 63.0
  z: -9.641698583135224
  yaw: -180.37613
  pitch: 20.585749
