lastAccountName: Soni123_YT
timestamps:
  login: 1617417380069
  logout: 1617417521533
ipAddress: 190.134.148.5
lastlocation:
  world: Hubsito
  x: -4.563735542216349
  y: 63.0
  z: -1.7159504240381322
  yaw: -180.77884
  pitch: -0.15000688
logoutlocation:
  world: Hubsito
  x: -7.818544501662448
  y: 63.5
  z: -52.384470834888
  yaw: 170.18887
  pitch: 1.843201
