lastAccountName: Monstarfl
timestamps:
  login: 1617405767845
  logout: 1617405780111
ipAddress: 88.5.130.198
lastlocation:
  world: LobbyAgua
  x: 3.2779060137440674
  y: 164.36825609410138
  z: -22.987023838218136
  yaw: 343.44946
  pitch: 31.199726
logoutlocation:
  world: Hubsito
  x: -7.477620665955039
  y: 65.0625
  z: -16.86959871702009
  yaw: -11.128998
  pitch: 62.400032
