lastAccountName: ZeldrisMaster
timestamps:
  login: 1617396171022
  logout: 1617396197194
ipAddress: 93.115.195.194
lastlocation:
  world: Hubsito
  x: -4.563735542216349
  y: 63.0
  z: -1.7159504240381322
  yaw: -180.77884
  pitch: -0.15000688
logoutlocation:
  world: Hubsito
  x: -9.198133029077805
  y: 63.0
  z: -37.258199453159534
  yaw: -279.9854
  pitch: 15.150168
