lastAccountName: cram07MC
timestamps:
  login: 1617453139009
  logout: 1617453149737
ipAddress: 62.117.247.21
lastlocation:
  world: Hubsito
  x: -4.563735542216349
  y: 63.0
  z: -1.7159504240381322
  yaw: -180.77884
  pitch: -0.15000688
logoutlocation:
  world: Hubsito
  x: -5.211305741499818
  y: 63.0625
  z: -3.427566272662647
  yaw: -180.77884
  pitch: -0.15000688
