lastAccountName: ItzZeldris__
timestamps:
  login: 1617386663662
  logout: 1617386676944
ipAddress: 93.115.195.194
lastlocation:
  world: Hubsito
  x: -4.563735542216349
  y: 63.0
  z: -1.7159504240381322
  yaw: -180.77884
  pitch: -0.15000688
logoutlocation:
  world: Hubsito
  x: -4.602605413755994
  y: 63.0
  z: -25.447028887916492
  yaw: -180.45674
  pitch: 0.85658324
