lastAccountName: fire_stick01
timestamps:
  login: 1617446914346
  logout: 1617446924413
ipAddress: 217.217.49.83
lastlocation:
  world: Hubsito
  x: -4.563735542216349
  y: 63.0
  z: -1.7159504240381322
  yaw: -180.77884
  pitch: -0.15000688
logoutlocation:
  world: Hubsito
  x: -8.532715914106154
  y: 64.1707870772188
  z: -52.8474560040409
  yaw: -162.92813
  pitch: 19.649967
