lastAccountName: chanmander2005
timestamps:
  login: 1617390984191
  logout: 1617390989744
ipAddress: 186.83.184.97
lastlocation:
  world: Hubsito
  x: -4.563735542216349
  y: 63.0
  z: -1.7159504240381322
  yaw: -180.77884
  pitch: -0.15000688
logoutlocation:
  world: Hubsito
  x: -4.622898594892361
  y: 63.0
  z: -11.399016603332207
  yaw: -180.77884
  pitch: -0.15000688
