lastAccountName: pabloblue
timestamps:
  login: 1617388194587
  logout: 1617388210253
ipAddress: 90.69.142.61
lastlocation:
  world: Hubsito
  x: -5.97024980483539
  y: 63.0
  z: -5.7136454501887775
  yaw: 310.66052
  pitch: 3.0864348
logoutlocation:
  world: Hubsito
  x: -5.643098132885262
  y: 63.0
  z: -34.297348247696966
  yaw: -133.0569
  pitch: -4.3383403
