lastAccountName: ImCRISGAMERYT
timestamps:
  login: 1617473400986
  logout: 1617473412440
  lastteleport: 1617446371642
ipAddress: 80.30.136.34
lastlocation:
  world: Hubsito
  x: -4.563735542216349
  y: 63.0
  z: -1.715950424038132
  yaw: -180.77884
  pitch: -0.15000688
logoutlocation:
  world: Hubsito
  x: -3.29138998712163
  y: 44.0
  z: -11.934838854798388
  yaw: -159.17871
  pitch: -6.421084
afk: false
