lastAccountName: juancitocubo
timestamps:
  login: 1617458319734
  logout: 1617458392209
ipAddress: 201.177.240.158
lastlocation:
  world: Hubsito
  x: -4.563735542216349
  y: 63.0
  z: -1.7159504240381322
  yaw: -180.77884
  pitch: -0.15000688
logoutlocation:
  world: Hubsito
  x: -3.9000306523846016
  y: 63.0625
  z: -3.979659121463066
  yaw: 344.971
  pitch: 34.950054
