lastAccountName: Zelnc_12
timestamps:
  login: 1617392886179
  logout: 1617392930133
ipAddress: 191.83.187.128
lastlocation:
  world: Hubsito
  x: -4.563735542216349
  y: 63.0
  z: -1.7159504240381322
  yaw: -180.77884
  pitch: -0.15000688
logoutlocation:
  world: Hubsito
  x: -4.5
  y: 63.0
  z: -1.5
  yaw: -185.23582
  pitch: -3.371725
