lastAccountName: CrashDavid274_YT
timestamps:
  login: 1617405591731
  logout: 1617405599984
ipAddress: 190.84.119.91
lastlocation:
  world: Hubsito
  x: -4.563735542216349
  y: 63.0
  z: -1.7159504240381322
  yaw: -180.77884
  pitch: -0.15000688
logoutlocation:
  world: Hubsito
  x: -4.563735542216349
  y: 63.0
  z: -1.715950424038132
  yaw: -177.79565
  pitch: -1.0992041
