lastAccountName: DemoleitorPro
timestamps:
  login: 1617451455923
  lastteleport: 1617185395404
  logout: 1617451511836
ipAddress: 62.37.156.15
lastlocation:
  world: Hubsito
  x: -9.789598734365669
  y: 75.34522157036714
  z: -79.62909226829419
  yaw: 166.15651
  pitch: -6.0033083
logoutlocation:
  world: Hubsito
  x: -2.382647037216385
  y: 74.0
  z: -43.27887294525844
  yaw: 124.12063
  pitch: 69.53187
