lastAccountName: SrCreeperYT
timestamps:
  login: 1617454753486
  logout: 1617454839804
ipAddress: 80.39.150.121
lastlocation:
  world: Hubsito
  x: -4.563735542216349
  y: 63.0
  z: -1.7159504240381322
  yaw: -180.77884
  pitch: -0.15000688
logoutlocation:
  world: Hubsito
  x: -7.625294823726077
  y: 63.0
  z: -32.676474687489865
  yaw: 141.72139
  pitch: 1.3500429
