lastAccountName: MillaTheGamer
timestamps:
  login: 1617452412038
  logout: 1617452439442
ipAddress: 194.220.209.61
logoutlocation:
  world: Hubsito
  x: -7.608950229702518
  y: 63.5
  z: -51.73903861718676
  yaw: -199.67876
  pitch: -1.5000136
