lastAccountName: marcos103
timestamps:
  login: 1617407352474
  logout: 1617407357876
ipAddress: 91.116.34.249
lastlocation:
  world: Hubsito
  x: -4.563735542216349
  y: 63.0
  z: -1.7159504240381322
  yaw: -180.77884
  pitch: -0.15000688
logoutlocation:
  world: Hubsito
  x: -4.4998778568260605
  y: 63.0
  z: -1.705384373049276
  yaw: -181.45815
  pitch: 0.15300882
