lastAccountName: combat_398
timestamps:
  login: 1617409127426
  logout: 1617409133230
ipAddress: 179.15.201.236
lastlocation:
  world: Hubsito
  x: -4.563735542216349
  y: 63.0
  z: -1.7159504240381322
  yaw: -180.77884
  pitch: -0.15000688
logoutlocation:
  world: Hubsito
  x: -4.563735542216349
  y: 63.0
  z: -1.715950424038132
  yaw: -170.1893
  pitch: -1.202386
