lastAccountName: Samucraft
timestamps:
  login: 1617381028315
  logout: 1617381056787
ipAddress: 47.60.145.90
lastlocation:
  world: Hubsito
  x: -4.563735542216349
  y: 63.0
  z: -1.7159504240381322
  yaw: -180.77884
  pitch: -0.15000688
logoutlocation:
  world: Hubsito
  x: -4.188930230345456
  y: 63.0
  z: -7.746109322555631
  yaw: -178.19934
  pitch: 2.501329
