lastAccountName: kalep178
timestamps:
  login: 1617435677823
  logout: 1617435681629
ipAddress: 190.102.125.46
lastlocation:
  world: Hubsito
  x: -4.563735542216349
  y: 63.0
  z: -1.7159504240381322
  yaw: -180.77884
  pitch: -0.15000688
logoutlocation:
  world: Hubsito
  x: -4.577010555987257
  y: 63.0625
  z: -6.180435601289469
  yaw: -180.77884
  pitch: -0.15000688
