lastAccountName: ItsMarioYT
timestamps:
  login: 1617408858709
  logout: 1617408860463
ipAddress: 91.116.34.230
lastlocation:
  world: Hubsito
  x: -4.563735542216349
  y: 63.0
  z: -1.7159504240381322
  yaw: -180.77884
  pitch: -0.15000688
logoutlocation:
  world: Hubsito
  x: -4.563735542216349
  y: 63.0
  z: -1.715950424038132
  yaw: -183.43172
  pitch: 7.435894
