lastAccountName: unicheto
timestamps:
  login: 1617447923035
  logout: 1617448452182
ipAddress: 200.126.214.144
lastlocation:
  world: Hubsito
  x: -4.563735542216349
  y: 63.0
  z: -1.7159504240381322
  yaw: -180.77884
  pitch: -0.15000688
logoutlocation:
  world: Hubsito
  x: -4.563735542216349
  y: 63.0
  z: -1.715950424038132
  yaw: -177.31743
  pitch: 15.538956
