lastAccountName: WindyYesFound
timestamps:
  login: 1617459818597
  logout: 1617459831638
ipAddress: 85.60.212.50
lastlocation:
  world: Hubsito
  x: -4.563735542216349
  y: 63.0
  z: -1.7159504240381322
  yaw: -180.77884
  pitch: -0.15000688
logoutlocation:
  world: Hubsito
  x: -4.563735542216349
  y: 63.0
  z: -1.715950424038132
  yaw: -189.6366
  pitch: 21.699131
