lastAccountName: Sergio_803
timestamps:
  login: 1617384040386
  logout: 1617384056828
ipAddress: 84.76.219.197
lastlocation:
  world: Hubsito
  x: -4.563735542216349
  y: 63.0
  z: -1.7159504240381322
  yaw: -180.77884
  pitch: -0.15000688
logoutlocation:
  world: Hubsito
  x: -5.212846099092797
  y: 63.0
  z: -15.708131244960054
  yaw: -176.86041
  pitch: 13.219195
