lastAccountName: zRefresh_
timestamps:
  login: 1617384631736
  logout: 1617384643589
ipAddress: 152.156.215.246
lastlocation:
  world: Hubsito
  x: -4.563735542216349
  y: 63.0
  z: -1.7159504240381322
  yaw: -180.77884
  pitch: -0.15000688
logoutlocation:
  world: Hubsito
  x: -4.497410265423241
  y: 63.0
  z: -13.78244914040645
  yaw: -179.93243
  pitch: -1.0514874
