lastAccountName: MillaTheGamer
timestamps:
  login: 1617379594817
  logout: 1617379599821
ipAddress: 194.220.209.61
lastlocation:
  world: Hubsito
  x: -4.563735542216349
  y: 63.0
  z: -1.7159504240381322
  yaw: -180.77884
  pitch: -0.15000688
logoutlocation:
  world: Hubsito
  x: -4.577217848579379
  y: 63.0625
  z: -6.02523183213513
  yaw: -190.22887
  pitch: 20.999994
