lastAccountName: cocafy
timestamps:
  login: 1617272536315
  logout: 1617272603330
ipAddress: 92.57.231.187
lastlocation:
  world: Hubsito
  x: -4.563735542216349
  y: 63.0
  z: -1.7159504240381322
  yaw: -180.77884
  pitch: -0.15000688
logoutlocation:
  world: Hubsito
  x: -2.940625362964148
  y: 65.16658037809304
  z: -25.407645485151555
  yaw: 340.79636
  pitch: 16.664532
