lastAccountName: Sao1545
timestamps:
  login: 1617383021383
  logout: 1617383330626
ipAddress: 84.125.164.28
lastlocation:
  world: Hubsito
  x: -4.563735542216349
  y: 63.0
  z: -1.7159504240381322
  yaw: -180.77884
  pitch: -0.15000688
logoutlocation:
  world: Hubsito
  x: -2.241139514042088
  y: 63.0625
  z: -3.4448050169037088
  yaw: -113.93872
  pitch: 39.384125
