lastAccountName: MrPandush
timestamps:
  login: 1617305428264
  logout: 1617305431800
  lastteleport: 1617272872028
ipAddress: 83.32.157.38
lastlocation:
  world: Hubsito
  x: 4.592576375228348
  y: 65.0625
  z: -4.609223384731277
  yaw: -30.591705
  pitch: 31.562662
logoutlocation:
  world: Hubsito
  x: -4.544181973070848
  y: 63.0
  z: -10.709211465004028
  yaw: -179.41104
  pitch: 2.585691
