lastAccountName: Gonza__002
timestamps:
  login: 1617384904118
  logout: 1617384928878
ipAddress: 190.50.53.215
lastlocation:
  world: Hubsito
  x: -4.563735542216349
  y: 63.0
  z: -1.7159504240381322
  yaw: -180.77884
  pitch: -0.15000688
logoutlocation:
  world: Hubsito
  x: -4.563735542216349
  y: 63.0
  z: -1.715950424038132
  yaw: 167.22116
  pitch: 90.0
