lastAccountName: littleMc
timestamps:
  login: 1617453451723
  logout: 1617453469982
ipAddress: 62.117.247.21
lastlocation:
  world: Hubsito
  x: -4.563735542216349
  y: 63.0
  z: -1.7159504240381322
  yaw: -180.77884
  pitch: -0.15000688
logoutlocation:
  world: Hubsito
  x: -4.563735542216349
  y: 63.0
  z: -1.715950424038132
  yaw: -180.77884
  pitch: -0.15000688
