lastAccountName: GoreGMR
timestamps:
  login: 1617390576603
  logout: 1617390582056
ipAddress: 194.15.219.187
lastlocation:
  world: Hubsito
  x: -4.563735542216349
  y: 63.0
  z: -1.7159504240381322
  yaw: -180.77884
  pitch: -0.15000688
logoutlocation:
  world: Hubsito
  x: -4.566385029678243
  y: 63.0
  z: -2.138788155262795
  yaw: -180.77884
  pitch: -0.15000688
