lastAccountName: ItzLEOKING
timestamps:
  login: 1617458868298
  logout: 1617458903993
  lastteleport: 1617371028835
ipAddress: 217.216.102.147
lastlocation:
  world: Hubsito
  x: -15.314877998453213
  y: 63.0
  z: -45.424156198372785
  yaw: -17.129211
  pitch: 4.1999774
logoutlocation:
  world: Hubsito
  x: -4.567709773409191
  y: 63.0
  z: -2.3529226734740227
  yaw: -180.77884
  pitch: -0.15000688
