lastAccountName: luismerma
timestamps:
  login: 1617413739874
  logout: 1617413767887
ipAddress: 190.235.229.239
lastlocation:
  world: Hubsito
  x: -4.563735542216349
  y: 63.0
  z: -1.7159504240381322
  yaw: -180.77884
  pitch: -0.15000688
logoutlocation:
  world: Hubsito
  x: 1.7091085526736338
  y: 64.0
  z: -14.219011636645352
  yaw: -156.81448
  pitch: -3.193204
