lastAccountName: xXThemasterXx_
timestamps:
  login: 1617433908285
  logout: 1617433923700
ipAddress: 95.169.227.84
lastlocation:
  world: Hubsito
  x: -4.563735542216349
  y: 63.0
  z: -1.7159504240381322
  yaw: -180.77884
  pitch: -0.15000688
logoutlocation:
  world: Hubsito
  x: -9.07541246854713
  y: 63.5
  z: -52.365597731223644
  yaw: -150.47887
  pitch: -2.7000077
