lastAccountName: md_5
timestamps:
  login: 1617445159038
  logout: 1617445163945
ipAddress: 93.176.131.0
lastlocation:
  world: Hubsito
  x: -4.563735542216349
  y: 63.0
  z: -1.7159504240381322
  yaw: -180.77884
  pitch: -0.15000688
logoutlocation:
  world: Hubsito
  x: -4.601653910570788
  y: 63.0625
  z: -6.882238291845453
  yaw: -181.69168
  pitch: -2.311926
