lastAccountName: _Remuke_
timestamps:
  login: 1617457092838
  logout: 1617457129593
ipAddress: 188.26.223.137
logoutlocation:
  world: Hubsito
  x: 2.6272881251043767
  y: 63.0
  z: -36.484116028078226
  yaw: -132.45297
  pitch: 8.199181
