lastAccountName: LittleBird
timestamps:
  login: 1617377467477
  logout: 1617377472031
ipAddress: 45.83.102.223
lastlocation:
  world: Hubsito
  x: -4.563735542216349
  y: 63.0
  z: -1.7159504240381322
  yaw: -180.77884
  pitch: -0.15000688
logoutlocation:
  world: Hubsito
  x: -4.563735542216349
  y: 63.0
  z: -1.715950424038132
  yaw: -180.77884
  pitch: -0.15000688
