lastAccountName: SoyTemple
timestamps:
  login: 1617473446987
  logout: 1617473508791
  lastteleport: 1617108520225
ipAddress: 83.35.133.50
lastlocation:
  world: Hubsito
  x: -4.563735542216349
  y: 63.0
  z: -1.715950424038132
  yaw: -180.77884
  pitch: -0.15000688
logoutlocation:
  world: Hubsito
  x: -16.207763869346802
  y: 63.78502770378923
  z: -53.55444013061376
  yaw: -127.528854
  pitch: 7.649998
afk: false
