lastAccountName: s3rx1
timestamps:
  login: 1617183948114
  logout: 1617198847681
  lastteleport: 1617184587627
ipAddress: 92.172.243.55
logoutlocation:
  world: Hubsito
  x: -4.563735542216349
  y: 63.0
  z: -1.7159504240381322
  yaw: -180.77884
  pitch: -0.15000688
lastlocation:
  world: Hubsito
  x: -2.5
  y: 69.0
  z: -78.5
  yaw: 169.8161
  pitch: 29.042927
