lastAccountName: MrPokemon_YT
timestamps:
  login: 1617461556547
  logout: 1617461560676
  lastteleport: 1617224119488
ipAddress: 82.159.115.176
lastlocation:
  world: Hubsito
  x: -4.57356778797974
  y: 63.78502770378923
  z: -4.7456287306505995
  yaw: -180.77884
  pitch: -0.15000688
logoutlocation:
  world: Hubsito
  x: -4.633699415056511
  y: 63.0
  z: -9.153045811727026
  yaw: -183.62881
  pitch: 0.29999316
afk: false
