lastAccountName: ric0paul
timestamps:
  login: 1617378595385
  logout: 1617378597788
ipAddress: 79.109.214.174
lastlocation:
  world: Hubsito
  x: -4.563735542216349
  y: 63.0
  z: -1.7159504240381322
  yaw: -180.77884
  pitch: -0.15000688
logoutlocation:
  world: Hubsito
  x: -4.563735542216349
  y: 63.0
  z: -1.7159504240381322
  yaw: -177.62932
  pitch: 14.249983
