lastAccountName: Aekuu
timestamps:
  login: 1617447510752
  logout: 1617447523966
ipAddress: 213.194.179.180
lastlocation:
  world: Hubsito
  x: -4.563735542216349
  y: 63.0
  z: -1.7159504240381322
  yaw: -180.77884
  pitch: -0.15000688
logoutlocation:
  world: Hubsito
  x: -4.60566032166524
  y: 63.0
  z: -10.474689013911672
  yaw: -181.44212
  pitch: 2.322252
