lastAccountName: YoSoyCriis
timestamps:
  login: 1617397616389
  logout: 1617398142594
ipAddress: 179.49.33.229
lastlocation:
  world: Hubsito
  x: -4.563735542216349
  y: 63.0
  z: -1.7159504240381322
  yaw: -180.77884
  pitch: -0.15000688
logoutlocation:
  world: Hubsito
  x: -6.375558798641595
  y: 63.02879999593496
  z: -39.30000001192093
  yaw: 355.78177
  pitch: 16.724531
