lastAccountName: juancitocubo
timestamps:
  login: 1617387821026
  logout: 1617387826240
ipAddress: 201.177.240.158
lastlocation:
  world: Hubsito
  x: -4.563735542216349
  y: 63.0
  z: -1.7159504240381322
  yaw: -180.77884
  pitch: -0.15000688
logoutlocation:
  world: Hubsito
  x: -4.606843868984909
  y: 63.0
  z: -7.775869537162746
  yaw: -179.87886
  pitch: 10.199996
