lastAccountName: ImDeelis
timestamps:
  login: 1617384060228
  logout: 1617384065934
ipAddress: 88.3.107.89
lastlocation:
  world: Hubsito
  x: -4.563735542216349
  y: 63.0
  z: -1.7159504240381322
  yaw: -180.77884
  pitch: -0.15000688
logoutlocation:
  world: Hubsito
  x: -4.595159525700622
  y: 63.0
  z: -12.747647601419683
  yaw: -179.87888
  pitch: 2.249993
