lastAccountName: Elemental_mods
timestamps:
  login: 1617377170878
  logout: 1617377178530
ipAddress: 189.251.120.217
lastlocation:
  world: Hubsito
  x: -4.563735542216349
  y: 63.0
  z: -1.7159504240381322
  yaw: -180.77884
  pitch: -0.15000688
logoutlocation:
  world: Hubsito
  x: -4.105576895397164
  y: 63.0
  z: -25.89389514738392
  yaw: -200.12956
  pitch: 17.988066
