jails: 
  aislamiento: 
    world: Hubsito
    x: -2.410321514316868
    y: 78.0
    z: -100.42578586948639
    yaw: -159.1521
    pitch: 21.535542
  carcel: 
    world: Hubsito
    x: 1.2474462521658243
    y: 69.0
    z: -101.30262542109809
    yaw: -187.96082
    pitch: 5.6773643
