spawns: 
  default: 
    world: Hubsito
    x: -4.499966621568158
    y: 63.0
    z: -1.5276210798004368
    yaw: -179.93243
    pitch: -1.0514874
